28.542856
28.510622
28.542856
28.542856
28.542856
28.607325
28.639559
28.542856
28.575090
28.575090
28.639559
28.639559
28.542856
28.575090
28.607325
28.575090
28.575090
28.607325
28.542856
28.607325
28.639559
28.639559
28.639559
28.639559
28.607325
28.639559
28.639559
28.639559
28.671793
28.639559
28.639559
28.607325
28.671793
28.671793
28.639559
28.607325
28.704027
28.671793
28.639559
28.704027
28.639559
28.704027
28.639559
28.736265
28.671793
28.639559
28.671793
28.639559
28.639559
28.671793
28.671793
28.832968
28.704027
28.671793
28.704027
28.704027
28.671793
28.671793
28.639559
28.671793
28.639559
28.736265
28.704027
28.671793
28.671793
28.768499
28.671793
28.671793
28.704027
28.671793
28.639559
28.704027
28.704027
28.704027
28.704027
28.671793
28.671793
28.768499
28.704027
28.704027
28.704027
28.671793
28.671793
28.671793
28.671793
28.671793
28.704027
28.575090
28.607325
28.575090
28.575090
28.575090
28.607325
28.510622
28.575090
28.607325
28.639559
28.639559
28.607325
28.607325
28.639559
28.671793
28.639559
28.639559
28.639559
28.607325
28.639559
28.704027
28.671793
28.607325
28.639559
28.639559
28.639559
28.671793
28.639559
28.478388
28.704027
28.639559
28.639559
28.639559
28.671793
28.639559
28.639559
28.671793
28.639559
28.639559
28.671793
28.639559
28.671793
28.704027
28.639559
28.671793
28.736265
28.704027
28.832968
28.671793
28.671793
28.671793
28.704027
28.671793
28.768499
28.800734
28.639559
28.704027
28.704027
28.704027
28.704027
28.736265
28.704027
28.671793
28.704027
28.704027
28.704027
28.736265
28.704027
28.639559
28.671793
28.671793
28.704027
28.768499
28.704027
28.639559
28.671793
28.671793
28.704027
28.671793
28.736265
28.768499
28.768499
28.671793
28.639559
28.671793
28.671793
28.768499
28.704027
28.832968
28.736265
28.704027
28.704027
28.704027
28.704027
28.768499
28.736265
28.704027
28.671793
28.768499
28.671793
28.736265
28.639559
28.736265
28.704027
28.736265
28.671793
28.671793
28.704027
28.639559
28.671793
28.639559
28.736265
28.736265
28.704027
28.671793
28.671793
28.671793
28.671793
28.768499
28.671793
28.639559
28.768499
28.704027
28.768499
28.736265
28.704027
28.704027
28.704027
28.704027
28.671793
28.704027
28.736265
28.671793
28.736265
28.736265
28.704027
28.704027
28.704027
28.736265
28.704027
28.736265
28.736265
28.704027
28.704027
28.736265
28.768499
28.736265
28.671793
28.736265
28.736265
28.768499
28.736265
28.768499
28.704027
28.704027
28.671793
28.736265
28.704027
28.704027
28.736265
28.704027
28.736265
28.671793
28.736265
28.736265
28.704027
28.736265
28.736265
28.768499
28.736265
28.832968
28.800734
28.768499
28.736265
28.768499
28.736265
28.768499
28.575090
28.736265
28.832968
28.704027
28.736265
28.736265
28.736265
28.704027
28.671793
28.704027
28.704027
28.736265
28.736265
28.768499
28.736265
28.768499
28.736265
28.736265
28.736265
28.736265
28.736265
28.736265
28.768499
28.768499
28.704027
28.768499
28.736265
28.704027
28.510622
28.704027
28.704027
28.704027
28.768499
28.736265
28.800734
28.800734
28.704027
28.704027
28.768499
28.736265
28.768499
28.800734
28.704027
28.800734
28.639559
28.704027
28.671793
28.704027
28.736265
28.704027
28.704027
28.704027
28.736265
28.800734
28.704027
28.768499
28.800734
28.768499
28.704027
28.800734
28.768499
28.768499
28.736265
28.768499
28.704027
28.768499
28.768499
28.704027
28.736265
28.736265
28.736265
28.704027
28.704027
28.736265
28.768499
28.768499
28.736265
28.736265
28.768499
28.704027
28.768499
28.768499

